{
 "cells": [
  {
   "cell_type": "code",
   "execution_count": 23,
   "metadata": {
    "id": "ZOKpAa7cAyZ7"
   },
   "outputs": [],
   "source": [
    "import os\n",
    "import pandas as pd\n",
    "import numpy as np\n",
    "import seaborn as sns\n",
    "import matplotlib.pyplot as plt\n",
    "from sklearn.preprocessing import StandardScaler\n",
    "from sklearn.model_selection import train_test_split\n",
    "from sklearn.metrics import accuracy_score\n",
    "from sklearn.tree import DecisionTreeClassifier\n",
    "\n",
    "from sklearn.ensemble import RandomForestClassifier\n",
    "\n",
    "from sklearn.model_selection import GridSearchCV\n",
    "from sklearn.ensemble import GradientBoostingClassifier"
   ]
  },
  {
   "cell_type": "code",
   "execution_count": 24,
   "metadata": {},
   "outputs": [
    {
     "name": "stdout",
     "output_type": "stream",
     "text": [
      "before the working directory K:\\Essex\\CE802_Machine Learning\\CE802_P2_Data\n",
      "current working directory K:\\Essex\\CE802_Machine Learning\\CE802_P2_Data\n"
     ]
    }
   ],
   "source": [
    "# check current working directory\n",
    "print('before the working directory',os.getcwd())\n",
    "\n",
    "# Set working directory\n",
    "path = r'K:\\Essex\\CE802_Machine Learning\\CE802_P2_Data'\n",
    "os.chdir(path)\n",
    "\n",
    "print('current working directory', os.getcwd())"
   ]
  },
  {
   "cell_type": "code",
   "execution_count": 25,
   "metadata": {},
   "outputs": [],
   "source": [
    "# load the training dataset\n",
    "train_data = pd.read_csv('CE802_P2_Data.csv')"
   ]
  },
  {
   "cell_type": "code",
   "execution_count": 26,
   "metadata": {},
   "outputs": [
    {
     "data": {
      "text/plain": [
       "F1         0\n",
       "F2         0\n",
       "F3         0\n",
       "F4         0\n",
       "F5         0\n",
       "F6         0\n",
       "F7         0\n",
       "F8         0\n",
       "F9         0\n",
       "F10        0\n",
       "F11        0\n",
       "F12        0\n",
       "F13        0\n",
       "F14        0\n",
       "F15        0\n",
       "F16        0\n",
       "F17        0\n",
       "F18        0\n",
       "F19        0\n",
       "F20      500\n",
       "Class      0\n",
       "dtype: int64"
      ]
     },
     "execution_count": 26,
     "metadata": {},
     "output_type": "execute_result"
    }
   ],
   "source": [
    "# Check for missing values\n",
    "train_data.isnull().sum()"
   ]
  },
  {
   "cell_type": "code",
   "execution_count": 27,
   "metadata": {},
   "outputs": [],
   "source": [
    "# Drop the Null value\n",
    "train_data.dropna(axis=1, inplace=True)"
   ]
  },
  {
   "cell_type": "code",
   "execution_count": 28,
   "metadata": {},
   "outputs": [
    {
     "name": "stdout",
     "output_type": "stream",
     "text": [
      "<class 'pandas.core.frame.DataFrame'>\n",
      "RangeIndex: 1000 entries, 0 to 999\n",
      "Data columns (total 20 columns):\n",
      " #   Column  Non-Null Count  Dtype  \n",
      "---  ------  --------------  -----  \n",
      " 0   F1      1000 non-null   float64\n",
      " 1   F2      1000 non-null   float64\n",
      " 2   F3      1000 non-null   int64  \n",
      " 3   F4      1000 non-null   float64\n",
      " 4   F5      1000 non-null   float64\n",
      " 5   F6      1000 non-null   float64\n",
      " 6   F7      1000 non-null   float64\n",
      " 7   F8      1000 non-null   float64\n",
      " 8   F9      1000 non-null   float64\n",
      " 9   F10     1000 non-null   float64\n",
      " 10  F11     1000 non-null   float64\n",
      " 11  F12     1000 non-null   float64\n",
      " 12  F13     1000 non-null   float64\n",
      " 13  F14     1000 non-null   int64  \n",
      " 14  F15     1000 non-null   float64\n",
      " 15  F16     1000 non-null   float64\n",
      " 16  F17     1000 non-null   float64\n",
      " 17  F18     1000 non-null   float64\n",
      " 18  F19     1000 non-null   float64\n",
      " 19  Class   1000 non-null   bool   \n",
      "dtypes: bool(1), float64(17), int64(2)\n",
      "memory usage: 149.5 KB\n"
     ]
    }
   ],
   "source": [
    "train_data.info()"
   ]
  },
  {
   "cell_type": "code",
   "execution_count": 29,
   "metadata": {},
   "outputs": [],
   "source": [
    "# Split the train and test data\n",
    "X= train_data.drop('Class', axis=1)\n",
    "y = train_data['Class']\n",
    "X_train, X_test, y_train, y_test = train_test_split(X, y, test_size=0.2, random_state=42)"
   ]
  },
  {
   "cell_type": "code",
   "execution_count": 30,
   "metadata": {},
   "outputs": [
    {
     "data": {
      "text/html": [
       "<div>\n",
       "<style scoped>\n",
       "    .dataframe tbody tr th:only-of-type {\n",
       "        vertical-align: middle;\n",
       "    }\n",
       "\n",
       "    .dataframe tbody tr th {\n",
       "        vertical-align: top;\n",
       "    }\n",
       "\n",
       "    .dataframe thead th {\n",
       "        text-align: right;\n",
       "    }\n",
       "</style>\n",
       "<table border=\"1\" class=\"dataframe\">\n",
       "  <thead>\n",
       "    <tr style=\"text-align: right;\">\n",
       "      <th></th>\n",
       "      <th>F1</th>\n",
       "      <th>F2</th>\n",
       "      <th>F3</th>\n",
       "      <th>F4</th>\n",
       "      <th>F5</th>\n",
       "      <th>F6</th>\n",
       "      <th>F7</th>\n",
       "      <th>F8</th>\n",
       "      <th>F9</th>\n",
       "      <th>F10</th>\n",
       "      <th>F11</th>\n",
       "      <th>F12</th>\n",
       "      <th>F13</th>\n",
       "      <th>F14</th>\n",
       "      <th>F15</th>\n",
       "      <th>F16</th>\n",
       "      <th>F17</th>\n",
       "      <th>F18</th>\n",
       "      <th>F19</th>\n",
       "    </tr>\n",
       "  </thead>\n",
       "  <tbody>\n",
       "    <tr>\n",
       "      <th>F1</th>\n",
       "      <td>1.000000</td>\n",
       "      <td>-0.001481</td>\n",
       "      <td>0.043066</td>\n",
       "      <td>0.009438</td>\n",
       "      <td>-0.003345</td>\n",
       "      <td>0.018811</td>\n",
       "      <td>0.040049</td>\n",
       "      <td>-0.014832</td>\n",
       "      <td>-0.018222</td>\n",
       "      <td>-0.011183</td>\n",
       "      <td>0.029807</td>\n",
       "      <td>0.015329</td>\n",
       "      <td>-0.287894</td>\n",
       "      <td>-0.021865</td>\n",
       "      <td>0.003312</td>\n",
       "      <td>-0.014486</td>\n",
       "      <td>0.092579</td>\n",
       "      <td>-0.023085</td>\n",
       "      <td>-0.008624</td>\n",
       "    </tr>\n",
       "    <tr>\n",
       "      <th>F2</th>\n",
       "      <td>-0.001481</td>\n",
       "      <td>1.000000</td>\n",
       "      <td>-0.012867</td>\n",
       "      <td>-0.236772</td>\n",
       "      <td>0.027001</td>\n",
       "      <td>0.033943</td>\n",
       "      <td>0.001082</td>\n",
       "      <td>-0.063753</td>\n",
       "      <td>0.020217</td>\n",
       "      <td>0.027008</td>\n",
       "      <td>-0.002111</td>\n",
       "      <td>-0.011520</td>\n",
       "      <td>0.006406</td>\n",
       "      <td>-0.091842</td>\n",
       "      <td>-0.000217</td>\n",
       "      <td>-0.053769</td>\n",
       "      <td>0.045806</td>\n",
       "      <td>0.041286</td>\n",
       "      <td>0.037088</td>\n",
       "    </tr>\n",
       "    <tr>\n",
       "      <th>F3</th>\n",
       "      <td>0.043066</td>\n",
       "      <td>-0.012867</td>\n",
       "      <td>1.000000</td>\n",
       "      <td>-0.011496</td>\n",
       "      <td>-0.016127</td>\n",
       "      <td>-0.018403</td>\n",
       "      <td>0.040851</td>\n",
       "      <td>0.036978</td>\n",
       "      <td>-0.007382</td>\n",
       "      <td>-0.000995</td>\n",
       "      <td>0.014355</td>\n",
       "      <td>0.014457</td>\n",
       "      <td>0.019447</td>\n",
       "      <td>0.023503</td>\n",
       "      <td>0.013230</td>\n",
       "      <td>0.010850</td>\n",
       "      <td>-0.033731</td>\n",
       "      <td>-0.030457</td>\n",
       "      <td>-0.002559</td>\n",
       "    </tr>\n",
       "    <tr>\n",
       "      <th>F4</th>\n",
       "      <td>0.009438</td>\n",
       "      <td>-0.236772</td>\n",
       "      <td>-0.011496</td>\n",
       "      <td>1.000000</td>\n",
       "      <td>-0.052302</td>\n",
       "      <td>0.000484</td>\n",
       "      <td>-0.007325</td>\n",
       "      <td>-0.031391</td>\n",
       "      <td>0.003868</td>\n",
       "      <td>0.005760</td>\n",
       "      <td>0.014594</td>\n",
       "      <td>0.059413</td>\n",
       "      <td>0.122382</td>\n",
       "      <td>0.003971</td>\n",
       "      <td>-0.003992</td>\n",
       "      <td>-0.006837</td>\n",
       "      <td>-0.006606</td>\n",
       "      <td>-0.028827</td>\n",
       "      <td>0.010592</td>\n",
       "    </tr>\n",
       "    <tr>\n",
       "      <th>F5</th>\n",
       "      <td>-0.003345</td>\n",
       "      <td>0.027001</td>\n",
       "      <td>-0.016127</td>\n",
       "      <td>-0.052302</td>\n",
       "      <td>1.000000</td>\n",
       "      <td>0.011350</td>\n",
       "      <td>-0.011213</td>\n",
       "      <td>0.060880</td>\n",
       "      <td>-0.012625</td>\n",
       "      <td>-0.022825</td>\n",
       "      <td>-0.020058</td>\n",
       "      <td>-0.070234</td>\n",
       "      <td>-0.047216</td>\n",
       "      <td>0.085860</td>\n",
       "      <td>0.040642</td>\n",
       "      <td>0.026561</td>\n",
       "      <td>-0.020582</td>\n",
       "      <td>0.064833</td>\n",
       "      <td>-0.042076</td>\n",
       "    </tr>\n",
       "    <tr>\n",
       "      <th>F6</th>\n",
       "      <td>0.018811</td>\n",
       "      <td>0.033943</td>\n",
       "      <td>-0.018403</td>\n",
       "      <td>0.000484</td>\n",
       "      <td>0.011350</td>\n",
       "      <td>1.000000</td>\n",
       "      <td>0.004519</td>\n",
       "      <td>-0.044801</td>\n",
       "      <td>0.012361</td>\n",
       "      <td>0.213338</td>\n",
       "      <td>-0.037730</td>\n",
       "      <td>-0.034931</td>\n",
       "      <td>-0.123040</td>\n",
       "      <td>0.050463</td>\n",
       "      <td>-0.004537</td>\n",
       "      <td>-0.022679</td>\n",
       "      <td>-0.012279</td>\n",
       "      <td>0.007732</td>\n",
       "      <td>0.238497</td>\n",
       "    </tr>\n",
       "    <tr>\n",
       "      <th>F7</th>\n",
       "      <td>0.040049</td>\n",
       "      <td>0.001082</td>\n",
       "      <td>0.040851</td>\n",
       "      <td>-0.007325</td>\n",
       "      <td>-0.011213</td>\n",
       "      <td>0.004519</td>\n",
       "      <td>1.000000</td>\n",
       "      <td>0.018169</td>\n",
       "      <td>0.006362</td>\n",
       "      <td>0.009086</td>\n",
       "      <td>0.008111</td>\n",
       "      <td>0.075142</td>\n",
       "      <td>-0.043781</td>\n",
       "      <td>-0.005987</td>\n",
       "      <td>0.026755</td>\n",
       "      <td>0.044135</td>\n",
       "      <td>0.043627</td>\n",
       "      <td>-0.013948</td>\n",
       "      <td>0.005228</td>\n",
       "    </tr>\n",
       "    <tr>\n",
       "      <th>F8</th>\n",
       "      <td>-0.014832</td>\n",
       "      <td>-0.063753</td>\n",
       "      <td>0.036978</td>\n",
       "      <td>-0.031391</td>\n",
       "      <td>0.060880</td>\n",
       "      <td>-0.044801</td>\n",
       "      <td>0.018169</td>\n",
       "      <td>1.000000</td>\n",
       "      <td>0.020361</td>\n",
       "      <td>-0.041041</td>\n",
       "      <td>-0.002052</td>\n",
       "      <td>0.050582</td>\n",
       "      <td>-0.296979</td>\n",
       "      <td>0.021028</td>\n",
       "      <td>-0.037528</td>\n",
       "      <td>-0.040083</td>\n",
       "      <td>0.021133</td>\n",
       "      <td>-0.000216</td>\n",
       "      <td>-0.254483</td>\n",
       "    </tr>\n",
       "    <tr>\n",
       "      <th>F9</th>\n",
       "      <td>-0.018222</td>\n",
       "      <td>0.020217</td>\n",
       "      <td>-0.007382</td>\n",
       "      <td>0.003868</td>\n",
       "      <td>-0.012625</td>\n",
       "      <td>0.012361</td>\n",
       "      <td>0.006362</td>\n",
       "      <td>0.020361</td>\n",
       "      <td>1.000000</td>\n",
       "      <td>-0.042713</td>\n",
       "      <td>-0.049179</td>\n",
       "      <td>0.035314</td>\n",
       "      <td>-0.001953</td>\n",
       "      <td>-0.019388</td>\n",
       "      <td>-0.014276</td>\n",
       "      <td>-0.005679</td>\n",
       "      <td>0.018965</td>\n",
       "      <td>0.074935</td>\n",
       "      <td>0.024747</td>\n",
       "    </tr>\n",
       "    <tr>\n",
       "      <th>F10</th>\n",
       "      <td>-0.011183</td>\n",
       "      <td>0.027008</td>\n",
       "      <td>-0.000995</td>\n",
       "      <td>0.005760</td>\n",
       "      <td>-0.022825</td>\n",
       "      <td>0.213338</td>\n",
       "      <td>0.009086</td>\n",
       "      <td>-0.041041</td>\n",
       "      <td>-0.042713</td>\n",
       "      <td>1.000000</td>\n",
       "      <td>0.045470</td>\n",
       "      <td>-0.068430</td>\n",
       "      <td>0.042462</td>\n",
       "      <td>0.052393</td>\n",
       "      <td>-0.042789</td>\n",
       "      <td>0.055473</td>\n",
       "      <td>-0.037891</td>\n",
       "      <td>0.048212</td>\n",
       "      <td>-0.000167</td>\n",
       "    </tr>\n",
       "    <tr>\n",
       "      <th>F11</th>\n",
       "      <td>0.029807</td>\n",
       "      <td>-0.002111</td>\n",
       "      <td>0.014355</td>\n",
       "      <td>0.014594</td>\n",
       "      <td>-0.020058</td>\n",
       "      <td>-0.037730</td>\n",
       "      <td>0.008111</td>\n",
       "      <td>-0.002052</td>\n",
       "      <td>-0.049179</td>\n",
       "      <td>0.045470</td>\n",
       "      <td>1.000000</td>\n",
       "      <td>0.032705</td>\n",
       "      <td>0.049583</td>\n",
       "      <td>-0.017144</td>\n",
       "      <td>-0.039438</td>\n",
       "      <td>0.033486</td>\n",
       "      <td>-0.019288</td>\n",
       "      <td>-0.036955</td>\n",
       "      <td>0.020761</td>\n",
       "    </tr>\n",
       "    <tr>\n",
       "      <th>F12</th>\n",
       "      <td>0.015329</td>\n",
       "      <td>-0.011520</td>\n",
       "      <td>0.014457</td>\n",
       "      <td>0.059413</td>\n",
       "      <td>-0.070234</td>\n",
       "      <td>-0.034931</td>\n",
       "      <td>0.075142</td>\n",
       "      <td>0.050582</td>\n",
       "      <td>0.035314</td>\n",
       "      <td>-0.068430</td>\n",
       "      <td>0.032705</td>\n",
       "      <td>1.000000</td>\n",
       "      <td>-0.006690</td>\n",
       "      <td>-0.037785</td>\n",
       "      <td>-0.043121</td>\n",
       "      <td>0.007035</td>\n",
       "      <td>0.026723</td>\n",
       "      <td>-0.026298</td>\n",
       "      <td>-0.000293</td>\n",
       "    </tr>\n",
       "    <tr>\n",
       "      <th>F13</th>\n",
       "      <td>-0.287894</td>\n",
       "      <td>0.006406</td>\n",
       "      <td>0.019447</td>\n",
       "      <td>0.122382</td>\n",
       "      <td>-0.047216</td>\n",
       "      <td>-0.123040</td>\n",
       "      <td>-0.043781</td>\n",
       "      <td>-0.296979</td>\n",
       "      <td>-0.001953</td>\n",
       "      <td>0.042462</td>\n",
       "      <td>0.049583</td>\n",
       "      <td>-0.006690</td>\n",
       "      <td>1.000000</td>\n",
       "      <td>0.006131</td>\n",
       "      <td>0.003282</td>\n",
       "      <td>-0.042754</td>\n",
       "      <td>-0.016463</td>\n",
       "      <td>0.004553</td>\n",
       "      <td>0.029493</td>\n",
       "    </tr>\n",
       "    <tr>\n",
       "      <th>F14</th>\n",
       "      <td>-0.021865</td>\n",
       "      <td>-0.091842</td>\n",
       "      <td>0.023503</td>\n",
       "      <td>0.003971</td>\n",
       "      <td>0.085860</td>\n",
       "      <td>0.050463</td>\n",
       "      <td>-0.005987</td>\n",
       "      <td>0.021028</td>\n",
       "      <td>-0.019388</td>\n",
       "      <td>0.052393</td>\n",
       "      <td>-0.017144</td>\n",
       "      <td>-0.037785</td>\n",
       "      <td>0.006131</td>\n",
       "      <td>1.000000</td>\n",
       "      <td>-0.057095</td>\n",
       "      <td>0.006359</td>\n",
       "      <td>0.036658</td>\n",
       "      <td>0.036053</td>\n",
       "      <td>0.005478</td>\n",
       "    </tr>\n",
       "    <tr>\n",
       "      <th>F15</th>\n",
       "      <td>0.003312</td>\n",
       "      <td>-0.000217</td>\n",
       "      <td>0.013230</td>\n",
       "      <td>-0.003992</td>\n",
       "      <td>0.040642</td>\n",
       "      <td>-0.004537</td>\n",
       "      <td>0.026755</td>\n",
       "      <td>-0.037528</td>\n",
       "      <td>-0.014276</td>\n",
       "      <td>-0.042789</td>\n",
       "      <td>-0.039438</td>\n",
       "      <td>-0.043121</td>\n",
       "      <td>0.003282</td>\n",
       "      <td>-0.057095</td>\n",
       "      <td>1.000000</td>\n",
       "      <td>0.228368</td>\n",
       "      <td>0.014168</td>\n",
       "      <td>-0.005135</td>\n",
       "      <td>0.004320</td>\n",
       "    </tr>\n",
       "    <tr>\n",
       "      <th>F16</th>\n",
       "      <td>-0.014486</td>\n",
       "      <td>-0.053769</td>\n",
       "      <td>0.010850</td>\n",
       "      <td>-0.006837</td>\n",
       "      <td>0.026561</td>\n",
       "      <td>-0.022679</td>\n",
       "      <td>0.044135</td>\n",
       "      <td>-0.040083</td>\n",
       "      <td>-0.005679</td>\n",
       "      <td>0.055473</td>\n",
       "      <td>0.033486</td>\n",
       "      <td>0.007035</td>\n",
       "      <td>-0.042754</td>\n",
       "      <td>0.006359</td>\n",
       "      <td>0.228368</td>\n",
       "      <td>1.000000</td>\n",
       "      <td>-0.010368</td>\n",
       "      <td>-0.011339</td>\n",
       "      <td>0.010158</td>\n",
       "    </tr>\n",
       "    <tr>\n",
       "      <th>F17</th>\n",
       "      <td>0.092579</td>\n",
       "      <td>0.045806</td>\n",
       "      <td>-0.033731</td>\n",
       "      <td>-0.006606</td>\n",
       "      <td>-0.020582</td>\n",
       "      <td>-0.012279</td>\n",
       "      <td>0.043627</td>\n",
       "      <td>0.021133</td>\n",
       "      <td>0.018965</td>\n",
       "      <td>-0.037891</td>\n",
       "      <td>-0.019288</td>\n",
       "      <td>0.026723</td>\n",
       "      <td>-0.016463</td>\n",
       "      <td>0.036658</td>\n",
       "      <td>0.014168</td>\n",
       "      <td>-0.010368</td>\n",
       "      <td>1.000000</td>\n",
       "      <td>-0.031134</td>\n",
       "      <td>-0.191022</td>\n",
       "    </tr>\n",
       "    <tr>\n",
       "      <th>F18</th>\n",
       "      <td>-0.023085</td>\n",
       "      <td>0.041286</td>\n",
       "      <td>-0.030457</td>\n",
       "      <td>-0.028827</td>\n",
       "      <td>0.064833</td>\n",
       "      <td>0.007732</td>\n",
       "      <td>-0.013948</td>\n",
       "      <td>-0.000216</td>\n",
       "      <td>0.074935</td>\n",
       "      <td>0.048212</td>\n",
       "      <td>-0.036955</td>\n",
       "      <td>-0.026298</td>\n",
       "      <td>0.004553</td>\n",
       "      <td>0.036053</td>\n",
       "      <td>-0.005135</td>\n",
       "      <td>-0.011339</td>\n",
       "      <td>-0.031134</td>\n",
       "      <td>1.000000</td>\n",
       "      <td>-0.262439</td>\n",
       "    </tr>\n",
       "    <tr>\n",
       "      <th>F19</th>\n",
       "      <td>-0.008624</td>\n",
       "      <td>0.037088</td>\n",
       "      <td>-0.002559</td>\n",
       "      <td>0.010592</td>\n",
       "      <td>-0.042076</td>\n",
       "      <td>0.238497</td>\n",
       "      <td>0.005228</td>\n",
       "      <td>-0.254483</td>\n",
       "      <td>0.024747</td>\n",
       "      <td>-0.000167</td>\n",
       "      <td>0.020761</td>\n",
       "      <td>-0.000293</td>\n",
       "      <td>0.029493</td>\n",
       "      <td>0.005478</td>\n",
       "      <td>0.004320</td>\n",
       "      <td>0.010158</td>\n",
       "      <td>-0.191022</td>\n",
       "      <td>-0.262439</td>\n",
       "      <td>1.000000</td>\n",
       "    </tr>\n",
       "  </tbody>\n",
       "</table>\n",
       "</div>"
      ],
      "text/plain": [
       "           F1        F2        F3        F4        F5        F6        F7  \\\n",
       "F1   1.000000 -0.001481  0.043066  0.009438 -0.003345  0.018811  0.040049   \n",
       "F2  -0.001481  1.000000 -0.012867 -0.236772  0.027001  0.033943  0.001082   \n",
       "F3   0.043066 -0.012867  1.000000 -0.011496 -0.016127 -0.018403  0.040851   \n",
       "F4   0.009438 -0.236772 -0.011496  1.000000 -0.052302  0.000484 -0.007325   \n",
       "F5  -0.003345  0.027001 -0.016127 -0.052302  1.000000  0.011350 -0.011213   \n",
       "F6   0.018811  0.033943 -0.018403  0.000484  0.011350  1.000000  0.004519   \n",
       "F7   0.040049  0.001082  0.040851 -0.007325 -0.011213  0.004519  1.000000   \n",
       "F8  -0.014832 -0.063753  0.036978 -0.031391  0.060880 -0.044801  0.018169   \n",
       "F9  -0.018222  0.020217 -0.007382  0.003868 -0.012625  0.012361  0.006362   \n",
       "F10 -0.011183  0.027008 -0.000995  0.005760 -0.022825  0.213338  0.009086   \n",
       "F11  0.029807 -0.002111  0.014355  0.014594 -0.020058 -0.037730  0.008111   \n",
       "F12  0.015329 -0.011520  0.014457  0.059413 -0.070234 -0.034931  0.075142   \n",
       "F13 -0.287894  0.006406  0.019447  0.122382 -0.047216 -0.123040 -0.043781   \n",
       "F14 -0.021865 -0.091842  0.023503  0.003971  0.085860  0.050463 -0.005987   \n",
       "F15  0.003312 -0.000217  0.013230 -0.003992  0.040642 -0.004537  0.026755   \n",
       "F16 -0.014486 -0.053769  0.010850 -0.006837  0.026561 -0.022679  0.044135   \n",
       "F17  0.092579  0.045806 -0.033731 -0.006606 -0.020582 -0.012279  0.043627   \n",
       "F18 -0.023085  0.041286 -0.030457 -0.028827  0.064833  0.007732 -0.013948   \n",
       "F19 -0.008624  0.037088 -0.002559  0.010592 -0.042076  0.238497  0.005228   \n",
       "\n",
       "           F8        F9       F10       F11       F12       F13       F14  \\\n",
       "F1  -0.014832 -0.018222 -0.011183  0.029807  0.015329 -0.287894 -0.021865   \n",
       "F2  -0.063753  0.020217  0.027008 -0.002111 -0.011520  0.006406 -0.091842   \n",
       "F3   0.036978 -0.007382 -0.000995  0.014355  0.014457  0.019447  0.023503   \n",
       "F4  -0.031391  0.003868  0.005760  0.014594  0.059413  0.122382  0.003971   \n",
       "F5   0.060880 -0.012625 -0.022825 -0.020058 -0.070234 -0.047216  0.085860   \n",
       "F6  -0.044801  0.012361  0.213338 -0.037730 -0.034931 -0.123040  0.050463   \n",
       "F7   0.018169  0.006362  0.009086  0.008111  0.075142 -0.043781 -0.005987   \n",
       "F8   1.000000  0.020361 -0.041041 -0.002052  0.050582 -0.296979  0.021028   \n",
       "F9   0.020361  1.000000 -0.042713 -0.049179  0.035314 -0.001953 -0.019388   \n",
       "F10 -0.041041 -0.042713  1.000000  0.045470 -0.068430  0.042462  0.052393   \n",
       "F11 -0.002052 -0.049179  0.045470  1.000000  0.032705  0.049583 -0.017144   \n",
       "F12  0.050582  0.035314 -0.068430  0.032705  1.000000 -0.006690 -0.037785   \n",
       "F13 -0.296979 -0.001953  0.042462  0.049583 -0.006690  1.000000  0.006131   \n",
       "F14  0.021028 -0.019388  0.052393 -0.017144 -0.037785  0.006131  1.000000   \n",
       "F15 -0.037528 -0.014276 -0.042789 -0.039438 -0.043121  0.003282 -0.057095   \n",
       "F16 -0.040083 -0.005679  0.055473  0.033486  0.007035 -0.042754  0.006359   \n",
       "F17  0.021133  0.018965 -0.037891 -0.019288  0.026723 -0.016463  0.036658   \n",
       "F18 -0.000216  0.074935  0.048212 -0.036955 -0.026298  0.004553  0.036053   \n",
       "F19 -0.254483  0.024747 -0.000167  0.020761 -0.000293  0.029493  0.005478   \n",
       "\n",
       "          F15       F16       F17       F18       F19  \n",
       "F1   0.003312 -0.014486  0.092579 -0.023085 -0.008624  \n",
       "F2  -0.000217 -0.053769  0.045806  0.041286  0.037088  \n",
       "F3   0.013230  0.010850 -0.033731 -0.030457 -0.002559  \n",
       "F4  -0.003992 -0.006837 -0.006606 -0.028827  0.010592  \n",
       "F5   0.040642  0.026561 -0.020582  0.064833 -0.042076  \n",
       "F6  -0.004537 -0.022679 -0.012279  0.007732  0.238497  \n",
       "F7   0.026755  0.044135  0.043627 -0.013948  0.005228  \n",
       "F8  -0.037528 -0.040083  0.021133 -0.000216 -0.254483  \n",
       "F9  -0.014276 -0.005679  0.018965  0.074935  0.024747  \n",
       "F10 -0.042789  0.055473 -0.037891  0.048212 -0.000167  \n",
       "F11 -0.039438  0.033486 -0.019288 -0.036955  0.020761  \n",
       "F12 -0.043121  0.007035  0.026723 -0.026298 -0.000293  \n",
       "F13  0.003282 -0.042754 -0.016463  0.004553  0.029493  \n",
       "F14 -0.057095  0.006359  0.036658  0.036053  0.005478  \n",
       "F15  1.000000  0.228368  0.014168 -0.005135  0.004320  \n",
       "F16  0.228368  1.000000 -0.010368 -0.011339  0.010158  \n",
       "F17  0.014168 -0.010368  1.000000 -0.031134 -0.191022  \n",
       "F18 -0.005135 -0.011339 -0.031134  1.000000 -0.262439  \n",
       "F19  0.004320  0.010158 -0.191022 -0.262439  1.000000  "
      ]
     },
     "execution_count": 30,
     "metadata": {},
     "output_type": "execute_result"
    }
   ],
   "source": [
    "# Create a correlation matrix\n",
    "cor = X.corr()\n",
    "cor"
   ]
  },
  {
   "cell_type": "code",
   "execution_count": 31,
   "metadata": {},
   "outputs": [
    {
     "data": {
      "text/plain": [
       "<AxesSubplot:>"
      ]
     },
     "execution_count": 31,
     "metadata": {},
     "output_type": "execute_result"
    },
    {
     "data": {
